511
511
518
511
510
510
511
517
510
508
511
511
509
507
509
510
517
509
509
517
509
509
510
509
510
510
511
517
509
508
508
520
510
518
511
510
510
511
521
511
509
511
521
508
508
509
509
509
518
511
510
510
513
508
509
510
512
518
509
509
520
510
511
512
514
520
511
520
521
510
511
509
510
510
510
510
510
506
510
515
514
517
519
510
517
511
511
509
510
509
520
510
510
511
510
513
511
511
508
509
512
515
509
513
519
512
511
510
509
518
509
509
512
516
511
515
510
518
511
518
511
510
516
511
510
511
510
508
518
510
521
519
511
520
510
512
510
518
512
512
510
509
512
510
512
517
522
509
511
509
511
510
511
511
513
511
522
510
509
519
515
515
509
516
518
510
518
508
509
511
515
508
511
509
512
510
512
516
508
509
511
511
511
521
512
510
511
515
513
510
518
511
512
519
510
511
515
511
510
518
