510
513
515
515
519
512
518
513
519
514
517
520
518
519
516
512
516
512
517
514
515
515
519
512
519
513
506
514
516
515
514
519
521
513
515
515
513
507
517
513
519
512
517
513
520
515
511
514
518
514
509
516
512
516
517
523
510
516
514
517
515
516
515
519
516
516
514
515
519
515
511
516
512
511
513
514
518
511
512
517
517
510
515
513
517
513
519
520
520
516
519
511
514
514
514
510
514
523
515
514
517
514
521
514
519
515
515
519
517
514
518
510
519
516
514
511
517
521
515
516
514
515
511
516
513
513
517
515
512
518
519
513
521
520
516
522
519
513
514
512
515
521
519
515
518
511
512
512
520
520
519
515
522
518
521
515
518
512
513
524
516
517
514
516
517
519
516
514
516
517
515
516
518
519
521
520
513
520
517
518
520
518
515
516
521
511
517
521
518
512
518
516
514
514
520
513
512
523
515
517
