531
530
529
537
535
532
534
536
532
525
532
526
533
523
536
525
522
524
537
520
532
525
531
530
527
526
538
528
523
531
538
536
638
538
531
528
522
531
529
525
530
533
530
547
530
528
532
534
534
520
525
529
525
521
532
536
535
527
530
538
528
533
531
517
528
522
526
531
534
530
534
533
537
520
531
534
534
524
532
533
540
537
530
534
536
534
519
527
533
539
535
536
537
535
534
539
530
531
525
535
531
535
535
530
532
529
534
546
526
535
528
525
534
525
531
530
537
525
527
526
530
535
533
528
533
509
523
526
538
532
528
531
535
527
538
525
540
533
520
533
536
532
532
534
533
512
538
530
527
534
538
530
530
530
521
539
529
534
533
534
533
517
529
530
520
522
532
527
522
527
519
534
532
533
532
532
513
510
523
541
534
533
538
538
541
529
520
526
529
524
545
533
532
532
532
536
528
534
531
530
