1530
1530
1543
1542
1645
1518
1526
1534
1524
1527
1544
1522
1532
1535
1545
1539
1529
1537
1532
1535
1539
1534
1632
1629
1546
1648
1535
1533
1644
1534
1524
1530
1551
1536
1532
1534
1540
1533
1537
1532
1533
1526
1547
1542
1522
1541
1537
1539
1522
1535
1535
1537
1529
1552
1529
1537
1538
1538
1538
1531
1519
1522
1536
1553
1530
1554
1523
1539
1533
1533
1635
1523
1535
1517
1518
1538
1541
1540
1533
1532
1535
1553
1529
1522
1543
1538
1546
1533
1529
1540
1546
1526
1530
1532
1539
1535
1533
1545
1531
1525
1528
1546
1530
1545
1534
1639
1534
1530
1560
1537
1535
1536
1538
1518
1632
1537
1538
1531
1528
1529
