1585
1562
1549
1535
1581
1548
1585
1681
1558
1567
1665
1555
1585
1547
1579
1534
1535
1564
1530
1540
1553
1566
1572
1577
1566
1538
1543
1561
1554
1536
1544
1543
1590
1574
1542
1584
1545
1542
1558
1545
1572
1552
1555
1544
1563
1699
1559
1573
1552
1564
1561
1555
1592
1540
1571
1543
1557
1577
1601
1802
1560
1552
1565
1564
1527
1592
1593
1546
1670
1549
1574
1542
1551
1562
1664
1537
1547
1573
1567
1554
1575
1575
1539
1653
1544
1541
1586
1577
1567
1572
1597
1562
1575
1535
1545
1561
1550
1561
1557
1559
1529
1558
1539
1563
1637
1645
1654
1644
1850
1598
1663
1620
1548
1547
1598
1556
1696
1560
1531
1544
1579
1565
1587
1563
1610
1665
1556
1571
1541
1543
1604
1792
1557
1558
1578
1553
1572
1566
1556
1692
1545
1580
1694
1572
1542
1569
1520
1565
1689
1572
1545
1585
1556
1583
1587
1521
1706
1565
1523
1583
1819
1615
1574
1569
1578
1592
1578
1614
1547
1535
1547
1561
1574
1582
1663
1553
1641
1570
1562
1551
1548
1562
1552
1540
1566
1579
1545
1560
1588
1543
1559
1575
1554
1555
1597
1584
1554
1587
1555
1561
1543
1560
1539
1570
1523
1534
1563
1558
1577
1540
1554
1568
1556
1584
1555
1548
1538
1548
1584
1518
1560
1557
1549
1562
1570
1579
1527
1568
1569
1529
1537
1547
1582
1802
1546
1582
1564
1573
1580
1662
